1004
4 3
1 2 3
10 2
2 8
1000000 1
3
10000 2
1 2
979019798 15
15 3 12 7 16 13 10 20 18 9 17 8 4 1 6
409358216 2
12 3
216399138 1
20
907341296 11
20 2 4 15 7 1 3 9 19 10 11
645374426 17
10 2 18 1 3 20 9 15 8 12 6 17 11 13 4 5 7
442104485 5
8 3 10 17 20
775896300 18
7 4 12 13 20 18 17 5 9 14 10 19 8 15 11 16 6 1
452777459 1
10
859699714 9
10 20 14 18 1 19 8 2 7
654192079 13
11 20 16 8 1 13 17 10 15 18 9 7 4
774031212 10
8 17 2 13 20 4 18 16 5 3
896173350 18
11 16 9 6 5 17 18 12 14 15 10 4 8 7 2 1 13 3
346738532 15
5 4 1 6 8 17 15 3 13 10 7 11 12 9 14
500374716 16
2 3 7 19 9 6 5 17 11 4 13 1 20 12 8 14
395944487 2
18 8
804723926 20
2 11 5 13 15 4 18 9 7 20 12 10 6 8 3 1 17 19 16 14
309084951 9
5 6 1 3 10 17 14 15 8
262820763 7
3 10 13 5 16 6 18
64795913 12
17 3 4 15 16 8 2 12 1 9 7 13
63317415 7
3 5 17 18 8 9 4
470607836 8
16 9 15 7 2 18 20 12
237431590 17
6 7 2 19 14 16 3 9 4 15 17 18 1 10 5 13 12
958696745 9
16 10 9 17 1 12 13 11 14
251664504 6
10 1 18 11 12 4
599835615 9
4 3 7 15 6 16 5 17 8
129555521 8
8 5 3 13 6 14 15 4
716573772 9
8 13 14 20 1 5 6 4 3
443120966 4
5 1 14 2
758106020 19
17 7 19 1 9 18 15 13 8 14 2 12 10 4 16 6 11 20 3
791074123 7
4 15 3 17 16 12 9
59222822 18
17 10 9 7 2 11 13 1 19 12 20 18 14 3 5 4 15 6
975287408 11
9 5 20 17 2 16 1 11 18 19 4
669364709 19
17 4 8 6 18 1 12 5 13 16 20 9 10 11 3 7 15 19 2
464706656 11
5 17 2 8 10 16 12 14 1 11 20
858994296 8
1 18 8 13 17 4 2 9
683742228 7
13 12 3 7 16 14 5
647731885 18
18 12 4 8 10 2 20 19 11 1 14 3 17 15 6 9 16 5
736830366 16
14 18 7 10 2 16 19 12 4 9 17 3 1 15 8 5
685410890 4
16 2 19 10
917247614 17
7 6 5 9 10 19 16 13 1 8 14 4 3 15 12 18 17
837354783 19
11 5 4 18 20 3 12 16 9 19 17 15 14 1 2 13 8 7 6
995229140 5
12 19 3 15 6
894887518 17
18 5 10 4 1 9 20 11 2 16 3 13 15 17 8 19 7
833185583 7
8 15 20 4 14 5 11
211241986 19
18 10 7 11 4 6 20 1 15 2 19 5 16 9 12 13 3 17 14
399520740 13
12 16 14 20 18 4 7 8 17 6 5 9 2
395790213 15
19 8 5 14 17 11 20 12 1 18 16 15 13 2 6
116727887 15
10 20 6 16 5 18 14 17 1 13 4 15 3 9 2
551376028 19
6 15 8 3 7 4 19 16 17 12 14 11 9 1 5 2 10 20 13
18780936 7
20 8 17 19 9 5 6
967432184 12
7 1 3 17 4 6 11 2 16 20 13 8
390258053 17
15 16 6 9 8 2 17 10 13 1 19 5 7 11 14 3 20
478440478 12
14 12 8 1 20 3 18 10 11 7 5 13
622869230 7
17 8 3 20 7 9 5
109821177 18
6 4 8 18 7 5 2 10 14 3 16 1 11 17 12 9 13 15
717072463 3
5 17 3
463926279 16
4 20 9 8 16 3 14 1 5 13 18 10 7 12 17 2
826969160 13
4 14 19 20 1 7 5 11 10 3 17 2 12
92144043 17
13 1 15 19 14 10 5 8 18 3 7 4 12 16 2 17 11
251082529 9
1 16 20 10 18 2 19 9 15
805479888 13
16 9 2 12 20 7 18 14 3 15 10 11 6
923218684 8
15 18 3 10 11 4 8 7
602523012 19
9 2 7 8 15 20 1 16 19 10 11 14 13 5 17 18 3 12 6
615418832 8
14 15 7 19 13 16 1 11
395569871 17
8 1 7 11 13 18 2 10 3 20 14 19 4 17 9 16 5
561130181 14
8 17 4 7 19 10 2 9 20 6 18 15 11 3
894956872 16
15 3 18 13 1 7 9 20 5 4 10 2 19 17 8 6
956580431 5
20 9 4 6 19
513849409 2
6 15
517953431 3
3 7 15
709757302 10
5 14 8 20 19 7 10 12 3 15
623028762 6
18 13 20 15 5 1
773556060 15
5 18 20 8 13 9 6 12 14 2 4 15 1 17 7
60518609 7
6 2 19 18 16 5 14
507258957 19
16 1 11 15 2 19 8 10 3 9 13 7 4 18 20 14 5 12 17
578441344 13
11 8 17 5 16 12 14 19 3 15 4 2 6
921973815 16
17 14 9 6 5 4 1 13 20 10 2 3 16 15 19 11
455587769 1
16
246996752 20
6 11 20 17 16 12 8 18 2 19 4 3 1 7 14 10 15 13 5 9
431950168 6
20 3 1 12 18 19
501905013 7
5 8 4 13 14 6 1
372493371 11
16 14 3 1 18 6 17 8 11 4 20
519692866 11
18 5 7 17 12 11 1 13 20 10 3
980032774 18
6 19 20 4 7 16 3 18 14 1 2 5 17 9 11 8 13 15
319696677 4
20 7 8 14
163923178 15
7 10 8 4 9 11 15 12 5 2 1 13 18 17 3
96627621 9
14 9 10 12 11 6 7 2 1
235602223 10
12 20 3 16 19 11 10 6 9 18
147447042 1
17
421108275 10
13 2 5 1 11 14 16 7 18 4
47395717 20
3 11 14 15 19 2 9 18 7 20 8 6 1 4 16 13 12 17 10 5
742199405 19
17 6 13 9 1 18 15 3 19 8 11 7 5 4 12 20 10 14 2
779430835 7
18 17 9 14 1 2 12
294331742 11
18 14 3 11 16 17 9 6 4 15 20
802013111 14
3 6 13 7 14 9 8 12 15 16 5 17 20 18
257054608 1
8
705105120 16
18 1 11 12 16 20 9 7 8 5 15 13 10 17 4 19
769724556 4
16 3 7 4
982667538 3
5 1 13
95748043 9
6 8 19 2 1 7 9 17 5
90302662 3
12 14 8
558507904 6
12 15 11 10 1 9
706067027 17
4 9 8 14 11 12 16 13 20 10 19 2 15 6 7 3 18
321235470 6
20 8 7 3 13 15
776796410 6
13 2 17 14 12 5
849872425 20
17 14 13 3 15 12 7 19 10 20 5 18 2 4 1 8 9 11 6 16
968378384 4
1 15 3 5
716850771 9
10 1 15 16 11 20 3 19 17
972126176 10
7 16 8 14 9 12 5 18 13 20
47752996 13
2 11 13 6 5 1 10 7 19 20 16 9 18
628631030 3
20 16 13
391471437 6
9 2 4 8 10 1
442640023 3
4 11 18
376035649 4
15 20 13 17
607705446 6
17 19 8 3 12 16
401100760 1
19
954423519 5
16 4 10 17 11
182419186 13
7 16 5 8 10 19 17 14 4 15 11 12 13
980932111 5
6 10 19 4 12
136789846 1
6
313118870 18
14 18 5 16 8 6 11 1 20 7 12 15 19 4 3 10 2 9
130840883 8
12 6 20 7 3 5 10 16
806922733 14
5 6 8 2 18 9 7 13 20 17 12 3 14 11
784557219 7
13 12 16 8 15 4 3
768970962 4
12 9 10 2
418611161 13
5 1 4 3 12 2 8 11 17 15 7 19 6
533562821 4
17 10 16 20
792335792 18
11 2 17 18 20 15 19 16 14 10 4 6 9 12 3 8 13 1
451690276 3
14 16 3
738590114 1
3
174708941 16
15 10 20 6 16 13 3 17 14 2 7 12 19 8 4 5
410080139 12
10 19 13 7 14 2 4 9 3 17 15 18
78313219 17
3 19 12 14 13 2 5 9 10 20 11 7 18 6 16 8 4
719253447 13
11 1 19 17 13 4 18 7 8 12 16 15 5
974778762 19
17 11 5 6 14 19 15 3 20 8 10 13 18 7 12 9 1 4 2
420588674 15
17 20 6 14 1 2 3 13 9 5 18 16 12 15 19
198061551 5
5 11 6 17 1
919357402 17
2 10 5 6 12 20 3 18 17 15 4 8 9 13 16 7 14
955943091 5
14 16 10 20 12
455880952 15
12 9 18 5 4 16 8 3 7 19 11 10 17 6 20
31429819 16
7 2 3 8 12 16 18 14 10 20 19 5 17 13 15 11
962445981 17
14 15 5 6 11 3 10 4 19 16 18 1 12 7 2 9 17
416704869 6
13 3 5 16 4 18
715578431 3
14 17 11
785717526 10
19 17 2 3 9 15 11 10 12 16
350917342 8
9 6 13 19 1 4 12 15
403450252 3
1 2 6
189641807 13
7 13 12 19 20 11 15 3 8 6 2 5 1
541681814 15
10 11 2 3 7 20 17 6 19 5 9 15 14 12 13
257155340 9
19 16 2 10 14 8 20 4 11
679841071 14
6 4 12 14 5 7 11 13 9 8 10 3 15 2
81537378 16
1 8 2 18 16 19 12 20 11 13 5 3 4 7 15 6
519109178 6
9 20 13 10 1 8
972855562 7
4 20 12 2 9 7 13
977437441 11
4 2 12 9 6 3 20 8 10 17 15
2348007 2
15 11
213806421 13
12 14 5 11 7 6 3 19 18 8 4 9 10
709703720 5
17 18 11 4 14
781439667 16
13 16 9 17 8 15 1 6 2 18 19 14 12 20 4 5
590308194 10
9 18 16 6 12 10 1 8 13 17
603683322 14
1 13 19 16 6 20 4 18 17 9 3 7 10 14
465900518 5
8 18 19 10 2
985998944 6
5 12 3 1 16 6
760202800 7
5 6 14 9 11 10 15
674938386 4
18 2 16 15
320283301 7
17 6 3 14 5 10 2
852751175 10
19 4 3 7 16 10 11 5 2 12
545064396 8
19 16 5 3 14 8 4 12
327598969 1
1
414268797 4
18 7 19 16
959106297 14
9 6 7 12 2 19 13 5 8 17 15 18 16 11
498714811 13
4 6 13 12 3 16 1 10 2 8 7 5 11
413384363 18
14 8 10 2 9 19 12 17 13 15 5 4 11 6 3 16 7 18
240850647 1
17
469484577 5
12 6 9 17 3
96124198 6
2 1 10 11 8 13
191603671 18
2 15 19 5 3 12 11 13 14 8 17 9 10 1 16 18 4 7
152239197 10
17 3 1 10 13 20 7 16 2 6
293637495 3
11 16 12
267061741 1
2
203861870 16
5 9 3 19 17 1 10 8 20 12 2 15 11 18 13 14
144413584 19
3 10 2 7 11 15 17 8 5 14 13 9 12 4 20 18 1 16 19
46780692 5
8 17 13 2 14
924720933 4
14 6 8 15
631888565 15
17 7 6 11 8 10 18 16 1 14 5 20 2 13 12
787997094 5
20 6 8 19 3
131503750 12
18 15 13 1 14 5 7 20 2 6 16 17
898273007 3
6 19 16
404866389 1
19
427692416 9
20 18 14 12 15 6 8 9 7
627729442 17
11 10 3 13 14 18 7 19 8 15 20 5 9 1 12 6 17
590773634 18
17 16 5 3 12 6 15 8 2 19 11 20 14 18 13 7 4 9
216123283 13
19 8 3 10 9 20 11 1 2 16 7 17 12
566616885 3
17 12 8
827255428 20
10 16 20 12 8 17 13 18 14 7 19 5 15 9 2 1 4 11 6 3
219496479 16
3 13 10 5 15 7 12 9 1 20 16 4 14 6 2 8
511820791 8
9 2 16 20 12 13 6 15
730339399 2
9 5
907562249 19
8 3 11 6 15 10 14 9 12 13 19 1 5 16 20 18 7 4 2
527400306 12
18 8 11 4 14 16 7 12 13 19 20 3
703169949 18
18 7 12 3 9 20 11 2 13 4 14 15 5 10 6 19 1 8
816716586 5
3 5 12 17 15
98327732 14
18 10 1 19 8 17 14 3 15 12 13 4 20 2
55012619 13
2 9 18 17 16 4 6 5 11 14 20 12 15
915726283 12
2 13 20 9 10 6 16 3 15 12 11 8
881748097 19
9 14 8 16 1 5 2 6 3 15 10 4 7 17 18 19 20 13 11
933507441 1
1
820637534 16
18 4 15 17 6 16 2 1 5 3 12 10 8 19 20 14
938001351 6
9 6 4 7 8 1
528147238 15
12 8 18 19 20 13 11 15 17 6 4 1 5 7 2
340652549 12
2 18 4 16 3 8 11 19 20 12 6 10
168878978 2
5 19
901179949 5
19 2 20 18 14
865769309 18
17 7 14 10 1 20 19 16 8 13 4 11 18 12 2 3 9 6
888469896 7
1 5 16 11 15 2 17
291736816 17
13 7 10 1 17 11 5 8 9 3 16 19 6 18 12 20 14
213642335 17
8 18 16 11 15 7 17 9 13 19 3 2 6 4 1 14 12
599296605 10
2 8 10 15 9 16 7 20 11 13
242782439 20
20 7 16 3 8 19 5 13 10 9 14 17 11 15 12 18 6 2 4 1
734994372 1
20
283037505 8
6 9 7 10 15 13 16 3
794512839 18
6 12 18 20 16 14 17 7 2 4 19 10 11 13 3 5 8 15
944445712 19
16 1 9 20 3 13 10 7 4 12 18 5 15 2 19 6 8 14 17
865503030 15
3 1 2 10 9 5 6 8 20 7 19 13 17 15 4
958049940 20
4 18 7 1 11 16 12 9 8 14 19 3 10 6 2 5 17 15 20 13
437362754 8
8 16 2 14 19 11 17 3
180019820 4
8 20 7 13
139333235 13
5 14 20 12 17 13 2 16 19 4 6 10 8
566704965 11
17 4 15 8 20 16 7 3 1 18 19
3219183 10
6 5 7 14 2 9 1 17 4 3
857153984 7
16 4 1 6 9 7 12
359700779 18
11 12 20 16 13 18 2 7 3 19 5 14 10 15 8 6 9 1
927857839 4
4 20 11 8
73525621 1
7
330290317 19
2 16 6 19 10 17 4 15 18 1 14 13 11 12 5 7 8 20 9
734748768 13
20 6 3 18 15 4 1 17 7 9 14 2 16
415874855 1
16
506391536 3
3 9 8
100047985 17
11 18 14 6 7 9 2 13 1 17 16 15 4 8 3 20 5
912946434 10
17 3 9 2 18 4 20 5 6 13
535352368 16
19 12 2 1 20 11 6 16 15 14 8 18 13 4 7 5
980429675 19
18 13 3 11 16 15 5 10 1 7 6 20 8 4 9 2 19 12 14
188756823 14
12 10 6 2 13 7 9 1 18 16 5 8 14 19
806927038 2
13 8
526132182 11
16 19 9 11 15 18 10 6 13 7 3
228057697 18
7 3 4 16 11 5 8 12 18 14 1 15 9 10 17 19 20 2
892222140 18
4 17 11 16 14 19 18 20 8 6 7 12 15 10 3 2 13 5
751668441 3
17 18 7
892071596 14
16 6 18 19 10 4 20 3 11 5 7 8 12 2
503737708 14
6 19 15 3 12 5 16 1 11 7 18 9 14 13
339382279 17
20 19 5 12 7 1 4 11 13 2 10 18 9 17 8 6 3
181801832 15
18 9 13 6 2 14 16 4 17 5 11 20 8 15 1
810371829 10
7 20 5 3 14 4 18 10 6 15
594306618 17
6 3 15 5 1 2 20 18 9 7 12 16 11 8 13 14 4
959520081 11
13 16 15 3 10 4 9 19 12 18 2
476318831 20
9 16 13 1 11 4 17 5 12 19 7 20 8 6 15 3 2 18 14 10
680094720 18
1 15 4 17 20 10 19 7 13 11 18 3 16 2 14 12 9 5
156864237 14
1 8 6 14 10 5 12 18 20 4 15 11 16 7
787748070 6
4 7 15 13 2 10
16426350 16
4 7 9 15 19 3 13 12 11 16 5 2 8 18 1 10
74972955 4
8 17 12 18
516500201 15
4 20 13 14 8 2 18 16 5 3 12 17 6 9 1
882051665 5
7 1 16 12 4
735300529 6
13 12 17 16 11 18
386986317 1
14
527716810 18
1 5 16 4 14 20 7 3 6 8 11 9 15 12 13 19 2 18
208539077 1
5
475690349 12
18 2 13 17 20 15 12 19 14 6 16 10
256687961 11
15 3 2 17 16 20 12 18 4 13 19
488861157 17
18 4 20 2 10 7 6 14 1 8 19 9 17 13 15 12 5
730832348 9
9 16 5 13 8 6 17 2 19
76798337 2
10 7
446576272 12
16 1 11 19 6 8 10 2 9 4 13 17
115752463 16
8 2 19 6 5 20 17 12 10 7 4 14 3 11 1 9
14335647 10
2 6 12 4 15 17 16 5 13 10
416168215 3
3 5 17
253412749 3
20 15 8
910976203 19
18 1 8 17 4 19 13 10 16 14 11 9 12 6 2 15 20 3 7
779294066 3
1 11 10
510786395 8
13 17 1 8 6 18 14 16
799538005 6
9 5 4 16 7 1
751766243 14
4 11 20 8 17 9 3 14 13 5 1 10 19 7
94636995 18
8 5 11 3 6 4 13 9 20 17 12 2 15 14 16 19 18 7
528615057 19
11 3 8 16 4 2 20 7 18 14 5 10 17 13 12 1 15 9 6
520562499 4
13 19 2 6
795916792 20
17 7 2 12 11 6 13 3 14 15 19 1 20 10 4 8 16 18 9 5
724886998 9
14 20 8 9 18 2 3 16 15
620308354 1
10
681881498 1
18
219722945 19
5 7 10 2 6 18 13 1 3 19 20 12 9 16 11 14 4 8 17
536359741 12
12 7 14 19 16 20 9 15 4 18 13 1
227923225 8
15 5 11 4 12 3 7 1
908003655 5
19 10 8 2 20
334382142 15
7 15 5 6 18 1 16 9 3 11 20 17 4 19 14
424447928 7
2 18 20 14 3 10 13
558479101 4
8 12 15 17
746044924 1
18
796374453 6
16 7 10 13 2 17
489198160 4
6 13 20 19
140727267 8
4 18 2 14 7 1 3 6
63831016 15
16 9 2 15 11 20 1 3 7 4 18 14 13 10 6
164390545 11
16 18 15 12 17 19 11 13 8 20 5
742496503 10
15 8 18 14 12 5 7 13 17 2
722878063 19
8 6 17 5 20 7 16 12 14 19 10 4 18 15 9 3 2 11 1
651438725 19
14 9 4 7 18 5 11 3 10 17 12 20 13 19 15 8 6 16 1
456815036 1
4
223186436 20
6 7 12 20 13 3 4 18 8 15 16 9 2 5 17 19 1 14 10 11
95842194 17
9 13 8 12 10 16 7 18 3 19 20 5 1 4 14 17 11
586541469 2
6 11
174274072 7
10 5 9 16 15 7 14
579765867 14
1 11 17 14 3 9 5 8 10 15 20 13 2 18
533040879 4
2 11 16 13
33125642 13
9 18 3 13 11 20 17 4 15 10 16 5 2
885400987 10
18 12 10 5 15 16 19 3 9 14
157162834 2
5 7
810262760 8
18 20 7 16 17 8 14 12
549934932 20
15 9 16 19 1 12 3 20 7 14 11 8 18 17 13 5 4 10 6 2
718682628 6
8 13 2 16 11 12
26576565 2
18 17
973243677 4
10 17 1 2
64946563 10
15 12 17 10 11 18 8 4 1 19
732172548 2
6 18
912682860 9
19 7 6 13 9 4 12 15 8
629883669 11
7 16 6 4 15 17 8 20 5 19 13
236503729 16
20 18 19 7 5 16 4 14 9 3 17 8 10 6 15 13
155094813 18
17 16 13 5 9 15 14 11 19 18 20 8 6 12 1 3 10 7
54889646 3
19 5 20
553312713 2
12 11
712883886 5
12 13 6 18 20
205701324 13
15 17 2 3 5 11 6 14 10 18 9 13 7
706531833 4
10 8 7 4
237846879 15
18 16 3 2 5 9 17 11 13 10 6 7 1 20 14
12598322 4
4 16 12 8
575011527 14
18 8 4 14 1 13 16 5 2 15 3 10 20 7
98752494 12
10 9 3 12 1 11 2 8 16 14 5 17
549127141 14
14 20 9 18 7 8 1 4 5 15 19 11 6 16
250017914 11
6 8 13 5 16 14 10 3 9 1 17
494476976 13
11 2 12 4 19 13 10 8 16 9 7 3 6
935419998 9
16 19 17 9 2 12 3 5 13
686963541 14
9 17 13 3 15 11 10 7 16 20 12 1 5 4
35661607 18
5 20 2 7 4 12 11 18 14 13 15 1 17 3 8 9 16 19
478264696 3
6 12 17
903452804 16
17 7 14 15 12 9 19 1 18 16 3 11 8 20 2 4
360498333 12
12 14 8 5 17 9 11 20 18 1 15 3
957832801 17
8 5 3 16 18 9 7 20 1 10 17 12 6 4 15 2 19
360963202 15
8 6 1 19 7 3 12 2 18 20 16 5 15 14 4
708689231 12
10 15 1 11 2 7 14 4 17 20 12 8
207232412 1
4
686150317 20
15 20 9 1 10 18 3 7 5 4 13 14 17 2 12 11 19 16 8 6
448146791 8
2 14 19 4 12 5 11 20
59071790 4
8 12 17 11
495950209 13
18 19 10 13 7 1 11 14 15 16 20 6 2
521238405 7
19 6 3 20 13 5 4
222872250 14
19 2 1 10 6 13 12 5 9 20 4 14 16 7
836119528 16
19 12 2 15 4 9 17 7 6 13 16 20 10 18 11 1
679970495 3
1 9 16
678607038 20
20 3 4 11 15 9 17 18 12 5 16 8 19 2 7 6 14 1 10 13
100323828 10
18 12 9 15 6 3 13 2 5 11
125397865 20
16 3 7 19 18 13 10 2 4 11 1 5 12 14 20 9 8 17 15 6
887268520 4
1 15 9 20
470626574 5
7 15 3 11 4
406368164 6
1 18 4 20 5 16
7209225 19
5 12 17 16 1 19 4 10 14 9 18 7 2 20 11 15 13 6 8
413881335 6
4 19 20 3 16 8
552063539 13
3 9 20 12 6 13 8 14 18 10 2 16 15
769177082 2
19 2
305506611 19
6 16 3 4 13 11 1 15 14 17 18 9 5 8 7 20 2 10 12
862939115 2
17 19
808627528 12
17 3 1 15 10 12 18 13 16 6 7 14
206219061 6
11 10 12 18 4 14
335244661 17
2 14 1 15 17 20 3 18 6 10 12 9 11 5 13 16 4
483242191 17
15 18 5 1 2 3 12 6 17 8 9 4 16 14 7 10 20
479325149 4
10 13 8 9
163234300 3
6 8 11
347710831 15
14 17 5 6 16 20 4 1 8 19 12 10 9 18 11
26874042 19
17 12 6 11 20 15 14 13 9 18 7 8 10 5 2 16 1 19 3
417418037 12
18 3 7 19 6 12 9 2 20 5 15 16
59934334 9
11 8 14 12 19 4 17 1 18
294283588 7
6 17 4 9 14 19 10
847310770 18
15 13 9 2 4 12 17 10 5 1 7 3 14 8 16 20 11 18
93271976 11
19 7 3 4 11 12 5 14 13 9 15
681439281 6
8 3 11 9 2 10
602952855 6
15 19 4 6 2 13
35415601 14
8 17 16 20 18 12 6 9 15 7 5 14 19 4
65370851 19
4 15 5 2 1 18 16 17 13 3 11 10 9 8 7 6 12 20 19
29095433 18
16 5 18 11 12 1 20 14 19 10 4 8 15 6 9 2 13 17
505106015 10
20 6 10 15 14 2 17 12 4 1
881174701 10
11 15 5 19 9 16 4 1 6 18
48089844 5
3 17 13 11 20
267638164 3
1 20 9
973365148 14
20 11 7 18 3 10 15 17 13 9 1 4 12 8
724556274 12
5 1 14 18 7 3 20 15 6 9 2 4
259109892 5
5 3 15 17 20
405736198 10
18 3 11 1 8 7 10 12 6 2
977334520 7
5 6 12 18 14 17 8
760167471 5
15 4 5 17 18
155662305 12
2 14 15 9 12 4 10 11 1 6 8 18
584990990 19
17 4 7 20 11 16 2 1 9 6 12 10 19 8 13 14 5 3 18
969625026 4
11 13 17 1
491025127 15
8 12 3 17 18 9 11 1 13 2 7 6 5 20 19
154652053 10
2 7 10 6 16 3 8 19 17 9
900907321 20
15 8 7 6 3 2 14 16 10 12 20 19 1 11 9 18 5 4 13 17
209578576 14
5 17 4 11 13 3 14 16 18 2 8 19 10 15
625191466 6
8 4 9 13 3 15
664593242 7
1 18 15 8 5 10 17
769485223 7
13 6 5 11 15 19 3
693023582 1
8
120601406 16
19 13 10 1 9 3 12 15 5 17 2 18 14 20 7 4
211221937 16
10 11 17 19 5 12 16 9 14 6 13 3 1 2 8 4
622559711 17
4 14 1 16 6 19 20 15 8 17 10 7 2 13 11 18 12
789329921 17
14 6 18 12 2 19 17 3 5 8 10 7 16 13 9 1 4
458441341 7
3 9 16 7 15 11 20
20865919 5
11 15 2 17 3
455827485 16
16 14 17 13 18 5 9 19 2 7 8 1 12 11 3 20
888483351 7
16 20 19 15 12 1 18
402233230 4
16 15 8 2
860206077 7
16 5 11 19 14 10 8
634981793 11
18 14 8 9 7 3 2 4 5 6 12
708295330 8
14 17 15 20 6 9 11 12
540996257 13
17 19 9 20 13 10 3 15 2 6 1 12 4
90409075 14
2 6 11 15 13 3 4 14 9 12 8 16 7 5
991237081 19
6 12 16 20 1 4 10 8 17 14 11 15 7 3 18 5 19 13 2
220015721 12
2 16 10 13 11 18 9 14 5 19 12 17
502985183 17
4 2 3 11 10 8 9 7 16 1 12 17 20 15 14 13 5
763523995 3
2 1 6
773103533 10
3 5 1 16 12 7 8 18 11 20
768354008 14
3 16 5 14 10 7 4 11 18 12 8 15 6 19
639444157 10
7 19 13 12 15 8 16 18 3 10
951404488 2
14 8
862431757 17
3 8 7 13 6 5 9 11 4 15 14 17 1 12 2 16 10
889855054 20
18 2 8 6 16 4 3 19 20 11 15 5 12 13 10 7 14 17 9 1
616765656 6
19 16 14 6 7 12
692445001 19
11 3 15 1 6 13 20 16 9 7 19 8 2 5 12 10 17 4 14
823270039 13
18 1 17 15 11 5 6 20 12 19 13 10 4
331505484 20
1 2 7 20 15 11 17 12 19 3 5 4 8 10 9 14 16 6 18 13
253550159 13
6 20 9 13 3 16 5 11 10 2 1 19 7
838864127 5
17 13 11 8 5
640851983 2
5 14
558308013 3
11 7 10
812384012 1
19
392716719 5
12 13 8 16 14
826004707 13
12 16 13 15 1 6 10 19 7 9 17 4 2
716344566 15
9 16 6 7 19 11 10 3 17 5 20 18 15 14 12
590231657 16
6 13 9 1 5 12 14 16 19 20 4 15 7 18 8 11
870732524 11
11 6 15 1 8 2 3 5 12 14 18
840948687 17
16 18 3 19 1 6 11 9 8 4 5 12 20 2 10 14 13
309911268 15
3 8 5 7 12 9 14 2 13 6 10 16 15 17 1
333954872 5
5 14 18 1 20
361531417 8
6 1 15 7 12 2 14 11
815666367 6
6 8 14 19 5 20
916960443 7
8 9 11 5 2 13 16
662632226 13
17 10 3 16 5 18 8 7 13 11 1 14 2
817519707 7
10 9 2 8 19 6 13
846066256 10
17 10 13 15 4 1 11 5 14 6
489888194 1
12
40632365 18
7 8 3 1 10 19 4 12 13 11 16 2 15 6 5 18 14 17
779859100 11
11 16 5 3 15 17 13 1 12 9 18
409548410 1
7
80996748 9
12 4 10 3 20 8 2 9 13
157409015 11
15 7 8 20 10 14 17 11 13 12 3
326156199 9
3 15 19 13 6 2 18 14 5
281887542 6
7 13 10 15 14 3
891758200 2
6 15
418788325 7
8 7 13 15 11 4 1
938252155 17
11 12 9 15 5 1 4 6 3 18 13 2 20 10 8 14 16
175906176 15
6 10 18 19 2 15 4 17 3 20 16 13 12 7 9
351782165 9
14 18 8 10 15 12 9 2 3
669855873 17
6 16 9 3 20 4 7 18 13 8 1 11 15 19 12 5 2
27767983 19
9 1 14 5 4 19 12 6 16 17 20 7 13 15 10 18 11 8 2
383903196 3
7 3 6
362352153 17
4 8 18 7 9 3 19 20 1 11 5 14 17 12 2 13 6
324593562 7
10 5 7 8 6 9 20
48934689 14
15 4 17 6 16 19 13 1 18 2 10 11 12 8
533406475 3
7 3 6
564201181 9
7 9 18 14 17 12 1 16 2
251908272 5
13 6 11 3 18
658337633 20
3 16 17 12 13 20 5 1 6 9 15 19 11 7 8 10 18 14 4 2
527848789 16
13 17 10 8 1 19 7 15 5 4 16 14 11 9 2 6
473366472 14
14 7 5 9 17 12 11 3 4 8 19 13 15 1
126176842 20
20 3 11 4 2 1 16 17 12 6 14 7 18 5 10 13 9 8 15 19
736536010 7
4 8 3 7 2 6 15
457542753 5
6 3 8 1 13
754825158 17
14 18 4 5 8 16 15 2 12 20 7 3 17 13 1 10 9
671562005 19
7 20 2 3 14 9 12 1 10 17 16 13 15 8 19 6 4 18 11
8158536 18
9 13 7 18 4 8 16 17 5 14 15 11 20 2 10 19 3 1
807827104 20
13 12 20 2 18 10 9 17 15 11 19 6 14 5 8 1 7 4 3 16
911088767 3
15 14 19
337250578 9
1 3 13 20 16 14 4 9 10
41269241 12
13 18 7 10 9 5 20 4 8 17 19 2
597590739 10
19 17 2 6 3 18 10 15 12 7
811702481 15
7 19 9 6 3 12 11 14 15 8 1 13 5 10 18
797135373 17
9 17 1 16 7 15 10 11 3 6 19 2 12 20 5 14 13
656855207 16
10 1 18 17 12 16 2 8 4 3 20 6 13 14 15 5
665327269 10
20 6 12 3 13 18 14 4 2 9
914864685 5
16 8 20 14 2
944121183 16
8 17 20 2 7 12 10 11 4 15 18 3 16 5 14 1
832009127 13
11 4 14 8 1 3 16 5 10 2 15 12 13
407067411 6
7 15 20 8 6 2
291466024 11
9 7 2 3 5 10 13 1 11 15 19
671175268 4
20 8 2 12
669984223 11
11 6 14 7 8 3 20 12 4 10 2
621277509 6
5 4 6 8 13 15
491019034 11
6 2 13 8 5 18 16 10 12 19 20
921562386 13
6 18 15 8 20 3 7 16 19 11 13 4 9
499608852 17
6 11 20 1 16 5 2 8 12 17 19 10 18 3 9 13 15
364019369 3
12 17 9
839660042 14
17 15 3 9 16 20 19 5 1 14 2 8 12 18
242105044 20
2 17 4 6 10 18 5 11 12 20 16 7 14 13 1 9 3 8 15 19
498279213 11
15 20 9 8 2 7 4 6 13 14 11
625499206 8
16 5 6 12 2 7 15 8
849248457 9
18 2 7 4 13 11 8 16 3
496035101 11
1 17 7 6 16 14 8 15 19 20 5
505785504 10
1 20 11 3 15 7 9 8 17 13
542183736 19
6 18 9 8 12 15 1 14 17 2 11 3 20 7 19 16 4 10 13
971989813 13
18 2 15 13 19 10 20 14 7 5 8 4 9
339072027 4
1 5 2 4
382355305 17
11 14 17 12 13 5 9 15 4 18 2 6 19 7 8 1 20
337762380 8
8 11 10 12 13 14 19 3
492159895 8
3 2 15 19 20 6 12 5
148201350 18
11 13 3 2 16 17 7 9 5 6 14 8 1 10 19 4 18 15
935503587 19
1 6 17 2 10 8 5 16 14 9 11 20 18 13 19 12 15 3 4
166261220 16
11 6 3 19 13 18 17 8 5 20 12 7 4 2 1 9
993914074 18
20 19 3 14 18 5 13 17 11 6 15 10 9 4 2 1 8 16
242960471 14
11 13 7 14 19 15 2 1 9 18 16 4 20 12
990631799 10
11 6 20 18 17 4 8 1 3 12
893180625 8
4 2 1 15 3 12 16 17
15051718 16
20 19 16 3 14 17 2 15 12 11 1 7 18 5 8 4
66385796 15
1 2 19 7 20 6 3 4 15 14 12 10 13 11 17
619820475 19
9 4 13 6 10 14 8 2 5 16 18 1 15 3 19 12 11 17 7
898928647 11
18 15 10 11 17 9 13 8 6 3 19
414114903 19
4 11 12 1 20 2 18 8 14 15 10 13 9 16 5 7 19 3 17
805724104 14
4 9 20 7 15 10 14 6 8 5 19 1 12 13
137922998 16
13 8 16 7 4 3 10 5 19 9 20 11 17 12 15 2
910949393 10
8 16 3 9 6 17 4 1 11 5
858849959 12
4 18 20 17 9 15 14 13 2 7 5 3
788194370 13
2 10 4 13 5 7 8 11 15 20 16 17 9
36693816 11
19 7 12 3 16 5 18 9 15 2 8
988710200 1
14
772464226 4
2 18 19 10
434236582 2
2 12
798374078 7
13 3 18 6 7 17 8
511777597 2
18 20
44098349 16
8 9 4 14 11 1 19 3 20 15 10 16 17 6 13 2
330802722 1
3
731725423 8
9 12 17 15 19 8 10 14
654437453 3
1 6 19
305785276 16
10 14 12 19 9 17 11 18 4 15 2 6 1 13 7 16
612647139 8
9 20 8 1 3 15 7 14
461087210 7
7 16 5 8 15 4 11
494688919 10
17 16 11 10 8 5 13 12 20 2
827828424 1
3
765580739 9
1 11 12 4 5 20 15 8 17
460476391 8
2 8 6 5 15 10 1 11
282016053 17
13 14 16 6 12 17 10 11 4 20 19 8 7 5 3 9 15
991348673 20
8 14 19 4 11 7 1 5 17 10 12 6 18 20 9 3 15 16 2 13
61683393 11
17 13 2 20 5 11 3 10 12 4 18
118362439 2
12 8
950859404 6
7 12 13 2 17 14
741690021 8
9 12 4 17 18 8 20 10
137418427 18
9 4 8 6 15 1 19 10 14 16 17 7 2 11 18 3 13 5
339743827 18
6 17 11 1 14 13 7 2 15 18 19 5 10 8 4 20 3 12
696878481 6
3 4 10 19 7 18
400224182 1
7
616152339 5
10 15 2 4 3
377179992 18
19 14 8 12 11 10 7 1 9 17 2 15 6 16 4 13 3 20
263019325 9
2 4 14 6 5 1 10 17 8
152279893 10
4 20 14 2 7 12 11 6 10 15
357758396 5
4 2 16 15 9
644339097 12
20 18 13 8 1 3 9 6 11 17 2 12
437050894 5
4 5 8 17 15
863079692 10
10 4 15 16 14 9 5 11 6 3
617782657 5
7 19 12 13 17
51458073 14
4 2 15 5 12 20 8 19 9 17 11 18 3 14
620771578 8
9 14 12 19 8 1 6 5
242898976 18
16 6 14 1 7 9 11 20 8 10 2 4 17 13 15 19 3 18
36364623 7
9 11 13 16 3 2 17
934757569 14
6 12 18 14 4 16 1 15 5 20 13 7 9 10
949631164 4
9 8 7 15
972624143 18
4 1 18 3 17 5 8 14 7 19 10 12 6 20 2 9 11 13
661091257 5
16 18 5 8 4
203360811 2
11 17
354893127 9
3 12 14 20 6 8 4 7 10
612513650 11
1 5 12 20 11 15 4 18 8 19 9
616178455 4
2 17 4 20
367889033 11
5 4 19 12 20 14 10 15 16 6 7
196362198 1
5
409765996 14
3 19 16 6 18 7 9 17 12 4 13 8 15 5
601695871 13
8 9 1 6 17 12 4 11 7 10 14 19 15
599687247 14
4 14 16 12 2 13 7 19 9 5 18 15 8 10
27486445 5
7 2 13 11 17
156485096 17
8 18 5 14 3 19 9 1 11 6 20 13 4 7 12 10 16
137590963 20
14 20 2 7 12 4 6 8 15 9 16 1 5 19 3 18 11 13 17 10
17708103 11
16 5 18 3 4 17 19 20 7 12 14
334373732 17
13 18 10 19 15 20 11 5 2 14 6 1 9 8 12 4 7
186505455 9
13 9 18 3 20 16 15 17 8
946326400 3
4 11 9
454510019 8
18 10 15 7 12 11 2 6
359026341 7
11 18 14 16 6 10 2
448555629 3
15 9 10
622110813 13
17 2 4 18 8 11 1 3 9 14 20 5 12
669197693 9
15 20 2 6 18 19 17 13 9
146989580 12
9 6 8 17 18 14 19 3 10 2 20 12
513610557 8
2 4 6 14 18 13 16 8
737868905 5
4 18 7 3 20
63690465 19
10 17 5 16 1 6 20 9 18 7 19 11 3 4 8 14 15 12 13
900606779 1
2
996698575 15
8 15 11 7 20 12 18 19 13 10 14 1 2 16 5
67809389 14
18 1 20 11 13 10 9 5 7 17 6 19 3 16
997358454 6
17 8 5 13 2 18
253130529 16
7 18 4 5 1 17 16 20 10 14 8 11 12 6 15 9
251698524 14
9 5 17 7 1 20 11 4 10 12 3 16 18 19
664210775 10
5 18 2 9 15 19 7 10 20 13
267600952 20
15 10 3 4 16 5 12 11 2 17 7 6 9 8 1 14 20 19 13 18
101728829 15
16 5 18 12 17 10 15 3 7 11 13 14 19 20 1
816948464 18
16 3 8 19 5 9 10 6 7 4 2 13 1 11 12 17 15 20
461625843 8
14 9 2 7 15 1 5 20
98812796 20
11 9 2 14 13 7 16 19 17 10 6 15 3 20 1 4 12 5 18 8
851417698 19
8 17 5 18 4 13 11 16 3 1 10 15 12 14 20 9 19 2 7
928412987 2
7 20
935895382 3
20 6 18
164583614 1
6
388915471 9
13 18 6 14 16 12 10 2 15
417827986 10
12 6 2 14 20 8 1 19 7 13
474097408 17
5 15 20 1 4 18 10 13 14 9 19 2 7 12 3 17 6
312173876 17
5 18 4 20 17 14 3 7 11 8 9 6 19 10 15 13 1
965478711 16
14 12 13 6 4 11 9 17 15 1 16 10 2 3 8 5
809644802 9
2 4 17 11 20 16 8 15 1
870818190 5
11 1 10 3 7
24047716 5
1 14 12 3 13
613942307 1
8
895331578 2
5 3
866083174 6
18 9 7 20 17 10
93343261 20
13 18 10 8 19 7 11 17 16 20 1 2 15 3 12 6 5 14 4 9
669021048 16
2 15 16 7 14 6 20 12 8 19 11 4 9 5 13 10
347277899 10
4 19 9 18 15 20 14 6 12 11
114928785 5
5 11 20 13 19
415806207 3
6 11 3
559513007 8
4 14 11 9 3 16 19 1
163380431 20
6 13 15 7 10 11 14 5 17 4 12 2 19 9 8 16 3 18 1 20
206219434 2
18 14
754976607 7
20 2 11 14 12 9 1
518799983 15
14 7 5 15 2 19 8 1 4 13 9 12 10 20 18
550984618 2
12 20
175719225 3
18 13 6
737516234 18
19 15 17 2 16 6 9 4 12 14 5 18 1 10 13 11 20 7
551802167 12
2 4 7 9 11 12 15 5 18 6 19 3
833412747 11
19 17 4 13 5 10 8 2 12 1 9
255937975 9
16 20 9 18 15 6 10 5 3
793859139 13
19 3 11 9 8 5 1 10 7 6 18 14 16
463575280 14
19 12 1 18 15 14 3 8 5 16 10 6 13 20
62916878 12
5 10 6 19 13 4 12 7 17 14 2 9
47992183 17
11 2 17 9 14 5 16 7 12 20 19 13 8 6 18 3 1
521991796 4
6 1 4 18
820891884 9
15 7 14 16 12 20 17 18 4
813744749 10
20 6 3 1 17 14 19 18 2 13
85511193 14
12 11 4 10 15 8 6 3 2 9 7 19 13 14
280568728 16
19 11 13 15 14 5 17 4 8 3 12 18 20 2 7 9
918822413 4
6 12 5 2
159046297 6
10 16 12 15 8 20
789415133 18
18 9 6 16 20 14 12 1 7 10 2 4 8 13 3 11 15 17
495140585 6
9 3 4 17 20 15
477349707 7
11 8 10 14 15 12 2
288231702 18
14 1 16 4 12 20 11 6 19 13 17 18 10 2 5 15 9 7
253413543 7
8 14 9 19 5 13 16
972668083 6
12 19 9 17 5 20
818986516 8
13 8 7 15 5 11 1 4
305401270 16
14 6 19 4 3 16 9 18 1 7 17 12 2 15 10 20
437588137 14
19 6 10 1 3 20 9 11 4 17 14 2 5 18
510075996 18
18 8 5 13 19 7 16 6 9 1 15 4 12 11 14 2 17 3
102416006 20
4 18 3 5 7 8 6 2 10 13 14 19 9 17 15 20 11 12 1 16
664568563 11
6 13 11 4 18 17 20 7 19 16 1
60053361 10
7 8 4 19 11 16 17 6 3 15
63854776 14
9 16 1 17 2 15 5 8 12 20 18 13 7 10
98165442 9
5 8 18 17 16 3 7 2 14
937103031 2
19 8
781072856 5
13 9 18 11 2
46866844 6
6 18 5 13 16 14
589988443 6
16 3 17 15 18 6
799558667 9
16 19 20 17 1 7 14 18 5
814866914 15
11 3 18 2 4 7 20 12 8 9 17 10 13 19 1
407577523 18
7 18 17 16 15 9 20 4 13 19 2 3 14 5 1 8 12 10
114275038 19
5 14 11 17 15 9 1 6 12 7 16 18 10 13 2 8 3 20 19
467139353 4
1 15 11 5
945575617 2
16 12
904311324 18
16 7 3 20 11 10 19 8 6 4 15 9 2 17 14 12 13 5
485778222 4
10 14 7 5
194090160 7
14 2 10 12 3 6 16
321680740 19
17 18 9 1 13 20 7 4 15 2 6 5 19 12 16 10 8 11 14
217310210 18
10 5 16 14 8 6 17 7 13 11 20 2 12 9 4 15 1 18
45197912 11
20 16 11 18 10 2 8 1 6 7 19
475099842 13
15 13 2 4 9 10 8 14 5 18 17 1 6
424689881 6
19 20 5 7 18 6
956675947 15
1 3 14 19 4 17 10 11 18 8 7 15 16 9 12
999563269 11
15 12 2 13 9 8 19 5 20 16 11
823335550 12
2 5 14 3 15 13 12 19 6 18 10 7
711036703 20
12 1 13 5 2 6 9 18 17 15 3 14 11 10 16 20 7 19 4 8
318534849 11
2 13 4 6 8 19 12 10 14 15 20
635899482 20
7 6 11 4 19 17 3 8 2 16 14 20 13 9 12 1 18 10 5 15
643871776 6
12 5 10 13 20 16
1123207 2
10 5
381167469 17
11 16 9 13 15 1 2 18 6 8 3 4 12 10 7 19 20
537543150 4
1 19 15 4
88747484 13
4 12 3 15 14 7 2 10 11 6 5 9 19
34223072 11
18 17 7 14 19 3 20 1 12 8 11
269912962 15
13 20 17 15 4 7 11 5 16 2 6 19 9 18 12
844794322 19
16 13 10 9 15 11 7 18 1 17 12 6 8 2 5 3 4 19 14
833874556 13
9 10 14 11 17 15 7 12 5 13 2 8 16
852584059 4
17 8 16 3
142237214 1
17
686823593 15
18 16 2 4 20 8 14 15 1 10 13 5 17 9 12
684147810 8
17 3 4 1 14 12 5 8
350931234 17
11 5 1 18 13 3 4 8 6 20 19 16 17 14 9 15 2
893610783 9
15 2 6 11 20 14 5 1 19
552841303 8
2 9 5 13 1 7 6 3
678297481 12
18 19 2 9 6 13 7 20 16 15 1 3
288018160 3
2 17 13
678575057 4
18 2 17 15
757678401 3
15 18 6
500722058 12
19 15 11 8 17 16 6 4 7 18 3 1
103521543 19
4 9 1 20 12 13 16 7 5 10 17 6 19 3 8 18 11 15 2
593069364 6
16 2 18 20 3 1
689917070 19
18 16 20 19 14 15 4 13 12 8 17 11 6 3 2 1 5 9 7
356613971 9
5 19 18 7 1 12 10 16 17
272213706 7
19 6 13 10 11 16 18
652508202 6
18 20 12 5 4 19
911240668 17
3 10 19 15 5 9 16 7 11 12 20 17 18 1 6 4 14
612746255 18
19 15 1 16 12 13 4 8 2 20 6 3 17 14 10 7 11 5
994453675 17
2 20 16 3 11 9 12 7 18 8 10 17 5 13 15 14 6
789465949 15
4 1 15 13 16 2 18 3 12 14 6 5 8 10 19
967294128 17
11 6 5 17 9 1 19 10 7 12 14 4 15 13 3 2 20
530793543 19
15 2 12 10 3 6 11 18 8 14 19 4 20 13 17 7 1 9 5
567133878 16
6 1 10 3 16 8 15 17 9 7 14 19 13 2 11 18
477902345 12
6 14 15 10 13 17 11 3 4 19 5 12
850602714 19
19 6 13 15 2 7 16 17 8 18 14 20 10 1 12 3 4 5 9
961181652 19
10 4 6 9 1 3 8 7 5 16 12 2 20 11 17 13 15 18 19
547904416 9
2 3 9 8 18 12 4 20 19
663175171 11
2 11 12 5 7 17 8 9 4 1 13
292688831 12
19 13 16 1 14 9 3 20 10 5 17 11
497140683 20
3 16 17 11 15 4 18 12 14 7 2 10 19 6 8 20 13 5 9 1
425060635 20
18 4 14 17 19 1 10 2 8 9 13 5 11 16 3 15 6 12 7 20
224439032 15
2 17 13 19 3 7 10 20 11 15 5 6 1 18 12
937752162 7
5 11 19 15 18 16 9
709746814 12
12 5 20 2 14 4 17 16 1 8 3 18
217047354 5
18 17 12 10 14
722367448 13
6 16 17 12 2 11 3 10 9 8 18 19 4
298427104 13
5 14 11 2 9 8 19 10 13 1 17 7 15
194587393 6
4 8 6 15 1 3
478944319 13
14 16 7 15 6 5 20 12 10 19 17 13 4
40998359 8
7 5 11 3 18 19 20 10
457744169 14
5 19 12 7 6 11 4 18 15 20 14 2 13 16
99199245 19
4 3 12 14 6 9 13 16 7 2 10 1 8 15 5 18 19 20 11
332003733 19
17 9 14 5 11 18 1 19 8 15 10 2 20 3 12 7 16 13 4
997533208 17
13 3 11 12 9 14 1 20 6 19 16 5 2 7 18 17 8
243630554 15
13 1 20 16 14 6 3 15 19 12 7 2 4 5 10
153752425 18
16 19 12 15 14 5 20 10 3 4 17 18 7 13 1 6 8 11
241743746 20
6 8 14 13 16 1 9 2 11 3 7 17 12 4 18 5 19 20 15 10
142260077 14
9 10 7 1 13 5 3 17 20 6 8 14 11 4
790431345 10
6 13 9 14 12 20 15 4 3 2
711577404 10
18 6 17 12 3 4 7 16 8 11
408987942 2
5 15
551520276 8
2 10 6 15 17 9 13 19
901994636 6
14 13 8 16 4 3
8228555 15
5 18 14 15 10 3 11 1 6 8 9 2 20 4 19
854265491 2
9 19
802194397 2
10 8
73161253 8
20 1 11 14 7 17 2 16
916192178 2
3 7
380596928 6
10 11 16 12 8 6
740783951 20
19 4 18 17 13 10 12 3 14 2 1 6 9 20 5 8 15 16 11 7
515180999 6
16 12 15 11 4 6
183870443 7
6 9 19 12 5 15 10
570521741 20
5 3 20 18 9 2 7 17 10 1 4 11 14 15 16 6 19 12 8 13
558184108 16
1 19 16 15 10 5 3 13 2 17 4 14 20 18 7 8
70967983 4
11 4 17 12
908208438 15
3 9 17 18 8 15 5 13 2 12 10 16 11 19 20
530720427 14
18 3 8 5 11 6 10 16 15 9 17 12 4 14
611240506 17
17 15 6 20 16 10 4 1 19 8 12 11 18 3 14 2 13
258382106 1
3
434753736 3
14 11 15
665565715 8
16 9 10 5 8 13 17 1
13374886 10
12 7 10 6 1 13 11 4 14 16
818740264 18
3 19 14 4 2 12 15 11 6 8 17 9 10 5 7 18 13 20
599124081 11
8 12 16 20 14 9 2 7 18 6 5
621207392 10
4 18 16 1 19 7 9 6 11 12
662355222 14
2 3 4 16 1 13 5 17 14 11 10 12 9 15
122609726 3
4 17 13
591335042 18
17 2 5 12 14 4 20 15 11 7 3 1 10 16 19 8 6 18
180595362 17
1 15 13 4 18 3 8 14 10 9 20 12 11 2 16 6 17
159616174 11
10 2 17 19 11 12 3 9 18 5 15
82481183 19
15 18 16 12 13 5 19 2 14 7 20 10 11 3 17 6 9 8 4
84837665 7
6 4 18 19 5 12 11
538030945 3
18 11 15
395365003 11
6 11 13 10 2 19 9 5 12 17 1
893822023 17
14 16 20 1 5 9 19 17 6 12 8 2 3 7 15 13 11
982567146 12
7 14 19 10 4 18 15 11 13 20 5 16
940810819 4
18 14 9 12
231792287 10
12 19 8 14 1 6 11 15 16 4
219824245 6
16 10 14 7 8 17
461220715 11
10 4 12 2 18 7 3 16 1 14 9
992829397 10
20 1 16 7 2 18 8 10 19 9
252427182 1
6
425279404 10
2 4 16 19 10 18 17 14 3 11
559469227 16
20 3 13 8 11 5 7 19 1 12 17 9 15 2 18 10
847632785 13
1 18 20 7 4 10 14 6 16 17 13 12 11
26413747 18
6 11 19 15 4 13 5 7 20 10 2 16 8 1 9 14 18 12
308520388 17
11 4 18 14 6 1 3 20 19 8 15 13 7 17 10 9 16
430862825 6
6 5 10 2 15 16
261934499 14
1 8 20 15 10 3 9 12 17 18 19 6 14 13
94053533 3
12 5 19
559402359 15
17 3 13 15 12 11 2 14 18 5 7 1 10 8 16
161117364 6
8 16 4 2 1 19
476104893 14
1 20 14 5 17 2 10 8 7 13 6 19 15 4
265431563 9
15 9 10 6 16 20 3 8 5
933118925 14
8 3 19 9 17 1 15 20 5 4 2 10 7 16
130577177 6
6 7 9 13 4 17
841792593 7
14 3 16 13 15 6 1
792749325 10
14 20 5 6 12 15 10 13 8 2
388587806 12
12 17 14 3 16 7 2 18 9 10 15 5
376402057 16
9 19 4 3 16 17 15 2 5 7 14 20 18 8 11 12
688603569 19
17 9 16 12 8 20 11 6 1 18 7 10 13 2 19 14 15 3 5
262168123 16
7 16 17 6 1 18 8 11 9 12 13 5 14 3 15 20
399970691 1
8
620294434 1
8
265134752 4
13 18 9 14
251772115 16
15 7 3 16 18 5 12 4 20 2 9 8 17 19 11 6
480125216 12
20 7 6 12 19 10 2 8 9 5 15 18
837741813 19
11 2 7 8 9 14 4 5 13 16 20 12 18 17 1 6 10 3 19
810402471 14
5 7 8 13 11 14 15 6 4 1 17 3 9 12
43289441 19
1 9 10 16 15 20 3 8 2 17 7 6 13 12 19 4 14 11 18
640817882 13
18 3 7 13 10 14 11 6 16 19 15 9 12
933721997 16
19 7 3 14 9 16 10 8 4 5 12 15 2 6 20 13
309685904 16
4 19 14 15 13 17 7 2 10 12 18 8 9 3 6 1
421814352 9
16 17 9 12 13 19 6 10 20
969836883 4
3 6 7 12
210446468 14
12 9 17 2 3 6 11 18 1 15 10 13 4 19
559873790 10
12 8 19 6 10 20 15 5 7 17
454982705 13
18 9 17 16 6 12 8 11 3 14 4 2 20
590438862 1
7
236342899 2
10 9
110217195 12
8 14 18 13 19 12 20 6 17 4 2 16
152640560 13
5 16 18 7 20 3 19 2 15 11 9 8 10
521250949 6
13 18 3 4 6 7
988629874 20
2 8 20 5 4 3 13 11 6 19 17 9 18 10 15 12 14 1 7 16
176465794 12
1 14 15 4 9 7 19 3 12 16 20 11
1122556 18
7 3 2 11 10 19 1 8 17 6 5 20 4 9 15 18 16 13
890637143 15
20 14 11 7 9 13 5 4 2 6 1 8 17 3 19
40200457 15
2 8 7 6 4 1 3 13 11 14 16 17 18 10 5
455062960 9
8 4 17 6 15 13 9 20 2
677216716 18
5 3 11 20 8 1 9 13 15 2 4 12 16 18 19 7 6 14
619896186 2
16 17
433791988 8
10 1 5 12 11 16 17 3
234836858 15
18 14 3 2 13 9 15 19 10 12 1 5 6 11 4
666538827 14
14 6 3 16 20 4 7 10 17 5 1 2 18 13
740473674 11
15 6 20 17 7 3 13 9 14 5 12
74037135 17
5 12 6 17 9 8 19 13 3 1 16 20 11 4 10 15 14
909315432 2
15 13
71704784 10
3 12 19 15 4 7 9 17 6 14
17921405 2
8 13
164035974 1
10
443986349 17
19 2 9 12 8 5 11 18 3 14 16 10 15 6 20 7 1
190142373 7
11 4 12 3 10 20 9
622856728 2
7 4
938566375 17
4 15 3 20 18 5 12 8 13 19 16 17 1 9 14 6 11
596294319 2
13 17
640402479 9
3 8 16 6 10 12 1 14 11
631277256 9
11 15 12 18 19 10 7 8 4
447512588 2
14 4
76232636 15
13 7 5 19 1 17 8 10 3 16 20 12 15 9 4
434025036 6
7 11 1 4 16 6
231732589 10
8 14 3 11 12 20 7 17 16 5
715595078 12
18 20 5 4 16 10 19 12 13 11 7 2
165808010 2
8 12
123584027 12
5 10 6 3 18 7 19 13 17 4 14 15
723750836 6
5 3 9 15 16 12
593785369 18
1 11 6 10 12 8 17 4 9 20 19 16 5 14 18 15 13 7
986138893 12
4 13 5 7 9 2 20 16 3 18 15 12
721938051 7
9 16 15 18 1 20 13
814675595 7
9 17 5 12 19 14 2
734857432 15
15 20 4 6 2 18 5 13 9 19 16 3 12 17 10
992969763 15
2 18 17 5 12 16 6 8 15 7 13 14 9 20 1
688930833 18
3 15 5 9 14 16 2 11 4 8 6 17 18 1 10 7 20 12
633044747 5
10 14 7 13 20
651297518 19
7 3 15 19 4 20 2 18 8 16 13 12 1 17 9 10 5 14 6
214141618 2
2 14
590181729 17
11 16 4 17 3 6 5 19 10 13 7 12 14 8 9 15 1
39337230 20
9 10 1 20 3 15 18 5 11 4 2 13 17 12 16 19 14 8 7 6
597679784 20
18 1 14 13 15 9 12 19 2 17 3 20 4 5 16 10 7 6 8 11
976355670 9
2 9 14 16 7 18 5 12 20
66069455 5
8 7 4 6 15
646176398 17
7 6 15 20 17 13 3 9 1 12 4 11 14 2 10 5 18
228792493 5
8 12 2 4 9
368186911 18
20 10 11 2 1 13 7 16 19 17 9 14 12 4 5 18 8 3
625611151 16
15 17 12 19 7 8 4 18 2 10 5 13 20 11 14 1
529180711 20
6 7 5 14 16 13 4 9 8 1 10 11 3 19 12 17 20 15 18 2
903610467 11
19 17 8 9 6 13 14 20 10 4 3
748035940 2
4 6
501270592 2
19 7
713868914 16
14 7 15 6 1 11 10 20 17 9 4 12 5 13 2 8
797834203 10
1 20 11 5 19 2 16 9 6 17
281699886 4
2 9 14 18
341356107 17
13 1 17 18 20 9 14 10 2 12 3 15 8 5 19 7 11
595518003 6
7 3 4 9 18 17
45837061 4
8 19 18 16
493107780 20
18 5 15 8 1 13 17 20 10 2 9 4 3 14 12 19 7 11 6 16
952330343 4
7 2 12 19
995008072 2
5 18
363711812 19
4 13 14 2 7 15 12 18 17 5 9 1 19 8 10 3 6 11 20
386960846 6
14 11 15 10 5 7
40719949 11
8 19 20 3 17 6 2 16 10 14 12
415660329 11
10 2 11 18 9 17 3 13 4 5 14
918219977 12
13 14 3 17 10 19 9 20 7 18 1 2
720803274 1
18
267251509 13
10 12 19 18 5 7 15 6 1 3 16 9 20
301372173 15
18 15 10 5 12 6 17 9 8 14 7 19 13 3 1
411599949 6
12 3 15 9 19 11
7968490 5
4 10 12 20 16
994138540 8
20 16 15 1 7 19 6 3
707018387 2
19 3
739639383 3
10 4 12
829257092 1
13
365218879 11
11 1 8 10 12 20 18 14 6 9 3
588342293 7
7 4 14 9 10 11 2
92610775 15
16 10 14 12 5 3 1 4 9 15 6 2 20 18 19
855775289 3
19 11 9
248009194 1
11
22112554 1
18
302941832 5
19 2 13 17 1
234913422 2
1 19
191528035 15
6 4 1 15 10 14 5 11 19 2 9 8 17 3 16
169486863 6
6 7 4 17 1 20
536225140 15
8 18 2 15 1 16 10 19 20 17 4 7 6 11 3
184637542 17
3 4 9 13 6 2 20 12 11 5 1 10 8 15 16 19 14
837549955 6
5 12 20 4 14 2
984049430 19
9 15 17 3 13 18 11 16 19 2 10 8 20 1 14 5 6 4 7
668110987 9
14 4 18 6 15 7 13 5 19
657323923 5
10 11 3 20 4
393295381 18
19 13 15 20 12 11 14 16 8 9 5 18 3 1 10 17 6 2
143751533 6
8 17 6 3 2 12
984172092 10
16 6 10 7 8 17 13 14 11 12
529799095 3
8 1 12
516910012 1
16
428293710 16
14 12 3 7 11 4 15 20 17 8 10 1 9 2 13 16
74097926 8
7 8 6 16 12 4 3 11
572997009 3
12 9 20
569533186 19
2 11 18 6 8 16 9 19 7 14 1 4 20 17 13 3 5 12 10
977101030 7
13 11 16 1 6 10 15
78920140 11
10 6 20 4 8 7 13 1 11 3 15
993155653 4
19 13 9 12
599937807 3
16 17 19
74274297 9
10 7 18 6 5 20 14 13 3
427476183 20
14 1 6 12 2 20 7 4 9 13 18 3 19 10 15 11 17 8 16 5
229087521 13
17 5 6 13 10 9 14 12 19 20 7 1 11
671417316 3
12 4 8
87235285 20
4 1 6 12 19 14 20 8 10 2 15 11 17 18 9 5 7 16 3 13
228769605 8
5 14 2 20 18 1 13 19
53566318 15
11 16 5 12 18 17 2 10 4 20 9 15 19 14 7
415002971 17
18 5 6 15 11 17 4 9 3 13 10 20 2 12 16 19 8
412969404 9
10 17 3 9 14 11 15 18 7
775548295 8
17 3 12 20 14 11 15 7
713487929 20
19 10 12 4 15 18 17 13 20 14 5 6 11 8 9 16 7 2 3 1
135514194 5
19 4 15 6 9
261514171 7
7 5 11 6 10 20 3
755713461 14
20 13 6 17 19 9 12 5 2 7 14 18 16 11
161884988 19
10 13 7 17 8 3 20 1 16 18 11 15 4 2 5 9 12 6 19
523257573 18
12 2 17 7 9 18 19 13 3 14 20 10 16 5 1 6 11 8
620449197 8
14 11 16 7 13 12 4 3
666255702 7
12 11 1 14 20 5 4
289435154 16
3 17 7 20 19 16 8 2 11 12 4 9 1 6 14 18
827900958 5
13 20 12 15 11
849425190 1
1
725281731 13
13 8 17 16 10 5 3 2 6 15 18 19 7
35298443 7
17 9 20 8 15 18 16
382679155 15
2 3 9 14 7 8 19 5 20 18 6 10 17 4 15
813292983 16
10 16 13 2 20 5 17 15 12 18 3 4 9 7 19 8
938200155 1
3
753990016 5
15 13 3 17 10
123462022 19
6 13 1 8 3 7 14 17 4 2 10 18 12 20 16 9 11 5 15
772342584 4
11 12 18 8
952840075 16
20 18 17 5 13 10 4 16 12 2 3 7 9 15 11 14
901346522 11
9 18 14 5 8 12 7 13 11 1 10
817073253 6
12 4 3 16 15 20
60677530 19
11 16 17 8 10 20 1 4 18 5 13 9 2 14 15 7 3 19 6
354578126 6
13 19 17 20 3 14
921758775 11
4 20 3 6 8 15 11 19 12 16 13
893367863 13
9 10 5 17 6 19 8 3 11 13 12 18 7
335251719 18
3 15 11 13 10 12 20 18 2 9 1 4 17 19 16 8 7 5
568540403 17
5 7 12 10 1 3 17 2 6 18 20 8 13 11 4 15 19
102478628 14
19 12 2 18 11 5 7 1 4 17 8 13 20 15
487320702 19
4 9 5 2 3 19 8 14 20 18 10 6 7 11 16 15 12 17 13
713351909 15
14 1 9 3 16 15 18 6 19 5 7 12 8 4 11
274114687 12
20 16 17 10 19 8 6 7 5 1 9 18
81774581 9
18 3 8 12 1 6 15 14 7
406820524 18
19 15 3 5 8 1 14 17 11 9 12 18 2 10 13 6 4 20
15495056 10
17 1 18 2 20 9 3 15 11 8
41525480 16
9 4 2 18 6 17 10 12 11 20 3 5 1 15 8 16
917254204 8
19 11 17 1 7 20 13 8
294950235 8
19 16 6 3 1 20 8 18
44681540 5
1 14 4 20 18
514398028 11
7 14 15 19 8 3 11 4 1 5 12
620913516 8
7 9 2 1 13 18 15 16
