100
2
27 64
125
3
64 27 64
126
15
7 15 56 71 1 66 25 3 91 74 67 96 49 100 98
20
5
93 22 92 27 82
153
8
32 98 31 10 52 57 91 19
58
18
41 36 65 45 6 93 20 14 74 32 3 78 62 88 47 3 78 92
50
2
44 92
193
6
29 72 21 99 79 36
129
14
53 40 24 97 50 78 35 15 15 86 25 99 81 47
45
20
61 71 1 35 31 52 35 14 56 89 37 7 84 18 58 23 93 56 75 11
38
11
22 66 92 73 82 34 79 7 56 34 48
86
18
93 99 76 22 46 24 35 72 57 36 37 49 5 55 26 93 62 75
73
4
65 23 92 60
110
3
61 57 82
173
4
99 97 11 2
17
13
60 10 80 22 56 67 33 57 31 61 10 14 51
37
15
54 38 73 4 16 2 10 48 7 90 26 43 21 15 98
11
12
10 52 89 86 26 18 62 12 93 98 91 8
64
16
40 83 30 2 81 24 55 59 78 42 56 92 42 47 17 22
28
15
44 75 17 76 53 9 33 16 97 82 60 69 83 54 35
62
13
52 13 65 54 55 100 7 3 21 41 74 16 3
21
3
1 15 95
15
12
30 70 71 43 14 35 64 47 27 21 97 74
68
18
68 74 12 43 74 82 19 73 76 30 52 86 39 29 20 20 97 5
61
19
18 28 45 53 83 57 4 87 50 4 7 16 53 95 29 35 3 11 3
17
3
81 29 95
153
4
94 68 54 94
181
20
83 69 40 87 27 53 70 57 79 61 6 96 76 16 45 59 19 76 97 13
91
13
83 1 65 70 24 19 21 76 31 23 71 8 18
37
17
62 27 72 39 36 30 67 52 7 10 57 44 31 56 33 7 90
29
18
85 70 47 100 88 93 72 32 67 68 92 56 17 10 52 64 84 76
42
1
70
300
18
54 18 12 45 20 13 30 73 3 85 95 9 3 20 76 37 14 76
23
17
60 11 84 74 50 99 74 82 26 21 98 37 98 7 72 47 19
63
11
17 5 43 7 43 88 41 19 94 3 16
18
10
56 60 81 79 34 59 34 10 76 89
53
19
59 30 98 63 93 29 75 58 19 29 8 61 31 62 92 56 78 76 31
54
19
40 73 81 23 26 47 30 34 49 62 49 92 55 86 26 38 73 22 32
71
1
51
300
11
76 4 61 51 38 28 95 43 44 10 24
43
13
40 57 72 48 46 55 48 99 78 35 49 31 4
39
5
22 83 54 61 7
86
19
35 8 88 65 55 10 61 64 25 39 38 42 41 10 81 37 3 13 65
16
6
36 82 24 57 92 42
112
1
69
300
20
34 97 22 62 91 61 98 65 94 7 68 20 84 71 23 55 42 89 84 5
96
17
85 39 28 14 49 21 24 86 77 76 88 50 33 17 75 16 82
59
9
10 35 47 79 24 56 61 65 2
64
7
95 76 74 73 49 68 49
165
7
34 77 17 7 20 43 37
29
4
38 59 62 67
135
9
1 50 48 50 99 24 61 33 4
51
8
16 94 20 18 88 86 73 76
58
4
46 93 84 32
165
14
50 73 21 57 79 74 96 85 86 60 20 50 59 68
88
1
84
300
6
82 71 11 69 76 60
102
3
51 40 13
69
4
56 51 84 58
160
12
51 34 69 2 6 80 83 40 36 55 90 85
14
5
94 39 55 17 58
86
6
71 73 62 56 49 38
113
9
36 84 77 7 7 84 29 12 81
27
15
21 33 69 3 4 14 42 6 55 54 82 25 26 30 70
3
7
42 14 90 16 37 23 17
59
5
67 72 39 77 33
145
17
63 73 23 11 53 59 38 71 43 44 33 70 62 69 46 95 99
42
14
55 55 95 92 34 28 75 35 91 78 74 63 84 73
88
9
99 43 72 22 35 80 57 14 55
74
1
17
300
11
90 95 36 91 11 22 89 62 86 75 54
35
19
48 100 50 95 60 69 32 55 67 90 37 1 72 80 85 24 44 15 26
36
17
19 67 66 59 92 87 84 46 83 51 15 62 53 40 20 8 86
32
17
92 52 26 22 96 39 72 40 52 45 56 9 18 11 84 82 84
46
18
29 42 12 51 98 100 95 57 59 32 79 100 38 52 65 45 34 67
66
19
99 33 77 12 65 69 34 66 8 23 97 91 68 78 11 59 49 49 86
39
17
23 73 2 41 45 71 25 48 72 67 99 55 51 14 2 38 68
15
5
46 86 46 60 73
156
7
90 52 2 14 98 68 28
24
18
40 84 63 92 5 22 62 72 53 4 41 64 17 92 65 90 44 63
37
6
57 69 85 20 97 93
144
9
72 27 13 68 3 2 17 30 67
6
9
22 81 29 94 18 91 89 44 99
128
17
28 68 87 82 3 26 75 46 4 96 16 46 4 69 71 76 73
33
10
2 4 31 79 46 92 30 13 93 74
18
10
80 22 16 93 89 24 43 12 67 68
47
14
7 20 80 100 99 31 84 21 76 38 4 30 26 43
33
4
13 15 35 94
48
13
47 69 93 32 13 75 12 35 97 44 20 12 36
37
16
100 63 64 52 18 18 51 10 64 84 19 6 22 99 48 16
42
10
97 16 66 92 78 93 75 66 32 60
110
17
72 34 3 64 61 86 38 9 9 42 59 8 79 99 46 92 90
20
16
16 56 84 42 36 50 80 100 43 37 71 4 90 24 59 79
93
12
91 46 12 6 11 96 33 15 96 64 16 76
20
8
60 27 20 43 21 87 32 90
72
16
57 39 80 58 56 97 48 19 65 4 96 30 13 60 16 6
19
6
86 68 38 97 90 54
141
15
2 30 6 64 76 16 61 92 39 76 49 67 98 2 18
17
13
41 58 54 88 57 91 27 68 53 39 77 69 25
131
18
20 32 37 8 99 29 34 23 20 84 26 43 38 15 99 9 1 18
10